Word,Question,Answer,Total Count
ass,443,425,868
bitch,21,40,61
cock,12,8,20
cum,414,324,738
cunt,1,0,1
d*ck,1,0,1
damn,368,420,788
dick,128,153,281
f**k,5,3,8
f*ck,3,7,10
fag,42,4,46
fk,2518,2155,4673
fuck,57,14,71
hell,1203,1160,2363
n****,10,2,12
nigga,3,4,7
piss,23,28,51
pussy,7,4,11
puta,5,3,8
s**t,4,4,8
sh*t,8,16,24
shit,170,141,311
slut,27,11,38
tit,117,56,173
whore,0,3,3